22760725770933441447594891015877947405439569234065132350172494853121822564620379054691648041393022029

9521651023449965519405564118547355094880066777565423238991085675906554459642294029683201863865856036

11797723600543309664165053220135149835424023700971936474008335164028377024262673084374849905258878065

-7245578446356621374646075018959560354336109854158910003973836192079699191021914974991553822472834007

0000000000000000000000000000000000000000000000000000000000000000000000000000000000

-12215084315619898604532660932331325968128262784911306772930422887447641225423450895291459603552645985

21671968783127240821796816971111760402513874809888705184873810873190960483318865843504206117471551684413238006935626516437932790238111447988599181037193180942176468860528288024916181840565999090617044

5180506376196337025229895938669573990420768010107899501079163294150061932432306677028066350596541311130463718623166592168606817689985824494714122624308262622197286281613422267164646009856693279276841

90661838212365775825527900851170952925562458366771351343453934072867164281914001402721961255584309278893171709831241400100174081658743818257791004464740848519859931567914212582597771519696811077633296

1252221867289695551713934731480734828268202153377605165997697680600657762057821002693541827260887941003281604819427333118298986995203831908170585820679798019550773188077330369831028598253986201508493038603126768447066724166790386942708801397349190453749919672179546661515011808673377199035500929188849487726589963562683137668162031711370757271760995446923471086038722510054183058800948439429102352287996141632905552156600830629908674669704896769735500123012058758590194242899881730281918203198101592345

