A has 50 non-zero entries:
3: (3, -7433.3) (9, -7044.9)
4: (5, -6018.9) (8, 2116.6) (12, -815.1) (14, -8592.6)
5: (3, -9731.7) (20, 4706.0) (13, -3487.3)
7: (4, 3252.7) (16, -3544.5) (10, 5485.6) (20, 7494.4)
8: (1, 2195.8)
9: (4, -1331.4) (16, 4347.5) (20, 3768.4) (5, 6744.1)
10: (3, 8128.7) (4, -9090.5) (15, -8204.6) (9, 8080.1)
11: (2, -5704.5) (16, -3048.2) (10, -8284.5)
12: (1, -5040.3) (8, -2840.7) (11, 3548.5) (10, 4934.7)
13: (15, 8622.2) (17, 9768.6)
14: (9, 9142.2)
15: (2, -7389.8) (6, 8410.6)
16: (16, -9176.0) (17, -3214.9)
17: (5, -9011.6) (20, 3194.6)
18: (6, -5813.5) (11, -334.1) (12, 8941.3)
19: (1, 2848.7) (8, 4750.6) (7, -1429.9) (16, 36.2) (15, 325.2)
20: (7, -3490.5) (16, -6639.6) (18, 2112.4) (17, -1453.4)

B has 40 non-zero entries:
1: (6, -7607.6)
2: (2, 9792.3)
3: (14, 3717.5)
4: (8, 7726.8) (20, -4788.1) (9, -5056.4) (16, 4544.1)
5: (4, 3948.1) (11, -6087.6) (6, 650.6)
6: (6, -3442.1) (8, 6019.1) (17, -6543.7)
8: (2, 8989.5) (6, -605.6) (17, 7789.1)
9: (7, -4702.6) (8, 2218.0) (9, 3894.5)
10: (2, -1821.5) (12, -7499.9) (17, -3793.7) (7, 2671.7)
11: (13, 2285.5)
13: (3, -9078.3) (9, -3934.8) (8, 9314.0)
14: (2, 8936.5) (9, 2346.3)
16: (7, 7374.4)
17: (20, -6863.8)
18: (2, -7953.6) (13, 3324.5) (12, -314.5) (6, -390.0)
19: (5, -1692.8) (12, -7007.8) (15, -8201.1)
20: (2, 2141.8) (15, 9038.8)

(1.5)*A =
3: (3, -11150.0) (9, -10567.3)
4: (5, -9028.3) (8, 3174.9) (12, -1222.7) (14, -12888.9)
5: (3, -14597.6) (20, 7059.0) (13, -5231.0)
7: (4, 4879.0) (16, -5316.8) (10, 8228.4) (20, 11241.6)
8: (1, 3293.7)
9: (4, -1997.1) (16, 6521.2) (20, 5652.6) (5, 10116.2)
10: (3, 12193.0) (4, -13635.8) (15, -12306.9) (9, 12120.2)
11: (2, -8556.8) (16, -4572.3) (10, -12426.8)
12: (1, -7560.5) (8, -4261.0) (11, 5322.8) (10, 7402.0)
13: (15, 12933.3) (17, 14652.9)
14: (9, 13713.3)
15: (2, -11084.7) (6, 12615.9)
16: (16, -13764.0) (17, -4822.4)
17: (5, -13517.4) (20, 4791.9)
18: (6, -8720.2) (11, -501.2) (12, 13411.9)
19: (1, 4273.0) (8, 7125.9) (7, -2144.9) (16, 54.3) (15, 487.8)
20: (7, -5235.8) (16, -9959.4) (18, 3168.6) (17, -2180.1)

A+B =
1: (6, -7607.6)
2: (2, 9792.3)
3: (3, -7433.3) (9, -7044.9)
4: (5, -6018.9) (8, 9843.4) (12, -815.1) (14, -8592.6)
5: (3, -9731.7) (4, 3948.1) (11, -6087.6)
6: (6, -3442.1) (8, 6019.1) (17, -6543.7)
7: (4, 3252.7) (16, -3544.5) (10, 5485.6) (20, 7494.4)
8: (1, 2195.8) (2, 8989.5) (6, -605.6)
9: (4, -1331.4) (7, -4702.6) (8, 2218.0) (9, 3894.5)
10: (2, -1821.5) (3, 8128.7) (4, -9090.5) (12, -7499.9)
11: (2, -5704.5) (13, 2285.5) (16, -3048.2)
12: (1, -5040.3) (8, -2840.7) (11, 3548.5) (10, 4934.7)
13: (3, -9078.3) (9, -3934.8) (8, 9314.0)
14: (2, 8936.5) (9, 11488.5)
15: (2, -7389.8) (6, 8410.6)
16: (7, 7374.4) (16, -9176.0)
17: (5, -9011.6) (20, -3669.2)
18: (2, -7953.6) (6, -5813.5) (11, -334.1) (12, 8941.3)
19: (1, 2848.7) (5, -1692.8) (8, 4750.6) (7, -1429.9) (12, -7007.8)
20: (2, 2141.8) (7, -3490.5) (15, 9038.8) (16, -6639.6)

A+A =
3: (3, -14866.6) (9, -14089.8)
4: (5, -12037.8) (8, 4233.2) (12, -1630.2) (14, -17185.2)
5: (3, -19463.4) (20, 9412.0) (13, -6974.6)
7: (4, 6505.4) (16, -7089.0) (10, 10971.2) (20, 14988.8)
8: (1, 4391.6)
9: (4, -2662.8) (16, 8695.0) (20, 7536.8) (5, 13488.2)
10: (3, 16257.4) (4, -18181.0) (15, -16409.2) (9, 16160.2)
11: (2, -11409.0) (16, -6096.4) (10, -16569.0)
12: (1, -10080.6) (8, -5681.4) (11, 7097.0) (10, 9869.4)
13: (15, 17244.4) (17, 19537.2)
14: (9, 18284.4)
15: (2, -14779.6) (6, 16821.2)
16: (16, -18352.0) (17, -6429.8)
17: (5, -18023.2) (20, 6389.2)
18: (6, -11627.0) (11, -668.2) (12, 17882.6)
19: (1, 5697.4) (8, 9501.2) (7, -2859.8) (16, 72.4) (15, 650.4)
20: (7, -6981.0) (16, -13279.2) (18, 4224.8) (17, -2906.8)

B-A =
1: (6, -7607.6)
2: (2, 9792.3)
3: (3, 7433.3) (9, 7044.9)
4: (5, 6018.9) (8, 5610.2) (12, 815.1) (14, 8592.6)
5: (3, 9731.7) (4, 3948.1) (11, -6087.6)
6: (6, -3442.1) (8, 6019.1) (17, -6543.7)
7: (4, -3252.7) (16, 3544.5) (10, -5485.6) (20, -7494.4)
8: (1, -2195.8) (2, 8989.5) (6, -605.6)
9: (4, 1331.4) (7, -4702.6) (8, 2218.0) (9, 3894.5)
10: (2, -1821.5) (3, -8128.7) (4, 9090.5) (12, -7499.9)
11: (2, 5704.5) (13, 228